
380669225651
380990494938
380636033386
380676265002
380933226499
380639918699
380971389807
380961025891
380679787036
0731236797
380991250839
0976626199
380979788800
380969702242
380667310022
380955723235
380935405723
380506198817
380667407569
380667407569
380507465419
380993193475
0505196570
380672205810
380509772695
380635849077
0985121419
380933431723
380636420051
380684770535
380994460006
380678771188
380992255047
0632919883
0685752350
380665204488
380638696636
380638696636
380668201378
0930201945
380969515536
380934503460
380980480769
380981114033
380662270115
380934051387
380685586398
380976739022
380976739022
380996307694
380675921275
380965373146
380638886000
0671619873
0972577115
380676348108
380636088454
380679963677
380987210745
380719943809
380957915847
380971863583
380637407161
380688992884
380688992884
380633098673
0992006201
380957047149
380931601670
380680836799
380930706367
380968795646
380932381052
380675053365
380984390486
380960430600
380500421639
380633228508
0950621119
380667023173
0501615000
380994215881
380639762404
380632414389
380506491484
380976534181
380992671465
380682481084